1670065271	1.600	1.600	0.310	26.862	17.576	15.258	1.580	2.000	0.050	0.050	0.050	0.050	0.050
1670065272	1.600	1.600	0.310	26.861	17.576	15.259	1.580	2.000	0.050	0.050	0.050	0.050	0.050
1670065273	1.600	1.600	0.310	26.862	17.576	15.258	1.580	2.000	0.050	0.050	0.050	0.050	0.050
1670065274	1.600	1.600	0.310	26.861	17.576	15.258	1.580	2.000	0.050	0.050	0.050	0.050	0.050
1670065275	1.600	1.600	0.310	26.861	17.576	15.259	1.580	2.000	0.050	0.050	0.050	0.050	0.050
1670065276	1.600	1.600	0.310	26.861	17.576	15.258	1.580	2.000	0.050	0.050	0.050	0.050	0.050
1670065277	1.600	1.600	0.310	26.862	17.576	15.258	1.580	2.000	0.050	0.050	0.050	0.050	0.050
1670065278	1.600	1.600	0.310	26.862	17.576	15.257	1.580	2.000	0.050	0.050	0.050	0.050	0.050
1670065279	1.600	1.600	0.310	26.862	17.575	15.259	1.580	2.000	0.050	0.050	0.050	0.050	0.050
1670065280	1.600	1.600	0.310	26.861	17.576	15.258	1.580	2.000	0.050	0.050	0.050	0.050	0.050
1670065281	1.600	1.600	0.310	26.861	17.576	15.258	1.580	2.000	0.050	0.050	0.050	0.050	0.050
1670065282	1.600	1.600	0.310	26.861	17.576	15.259	1.580	2.000	0.050	0.050	0.050	0.050	0.050
1670065283	1.590	1.587	0.310	27.100	17.432	15.144	1.566	1.993	0.050	0.050	0.050	0.050	0.050
1670065284	1.586	1.588	0.310	27.085	17.467	15.099	1.563	1.987	0.050	0.050	0.050	0.050	0.050
1670065285	1.586	1.588	0.310	27.098	17.459	15.094	1.562	1.986	0.050	0.050	0.050	0.050	0.050
1670065286	1.586	1.587	0.310	27.106	17.454	15.092	1.562	1.986	0.050	0.050	0.050	0.050	0.050
1670065287	1.585	1.587	0.310	27.109	17.452	15.090	1.562	1.986	0.050	0.050	0.050	0.050	0.050
1670065288	1.585	1.587	0.310	27.111	17.451	15.090	1.562	1.986	0.050	0.050	0.050	0.050	0.050
1670065289	1.585	1.587	0.310	27.112	17.449	15.091	1.562	1.986	0.050	0.050	0.050	0.050	0.050
1670065290	1.585	1.587	0.310	27.112	17.449	15.089	1.561	1.986	0.050	0.050	0.050	0.050	0.050
1670065291	1.585	1.587	0.310	27.112	17.450	15.089	1.561	1.986	0.050	0.050	0.050	0.050	0.050
1670065292	1.589	1.736	0.310	24.801	19.429	15.174	1.620	1.935	0.050	0.050	0.050	0.050	0.050
1670065293	1.602	1.963	0.310	21.415	22.730	15.112	1.714	1.857	0.050	0.050	0.050	0.050	0.050
1670065294	1.667	2.148	0.310	18.765	25.315	15.405	1.851	1.849	0.050	0.050	0.050	0.050	0.050
1670065295	1.787	2.301	0.310	16.599	26.923	16.149	2.053	1.909	0.050	0.050	0.050	0.050	0.050
1670065296	1.954	2.410	0.310	14.920	27.064	17.395	2.332	2.044	0.050	0.050	0.050	0.050	0.050
1670065297	2.142	2.458	0.310	13.803	25.658	19.093	2.675	2.259	0.050	0.050	0.050	0.050	0.050
1670065298	2.378	2.456	0.310	12.907	22.840	21.522	3.139	2.607	0.050	0.050	0.050	0.050	0.050
1670065299	2.640	2.452	0.310	11.791	19.687	23.989	3.765	3.060	0.050	0.050	0.050	0.050	0.050
1670065300	2.906	2.446	0.310	10.600	16.677	25.937	4.541	3.604	0.050	0.050	0.050	0.050	0.050
1670065301	3.167	2.441	0.310	9.437	14.037	27.020	5.464	4.224	0.050	0.050	0.050	0.050	0.050
1670065302	3.424	2.436	0.310	8.328	11.758	27.115	6.581	4.937	0.050	0.050	0.050	0.050	0.050
1670065303	3.690	2.430	0.310	7.263	9.753	26.179	7.977	5.781	0.050	0.050	0.050	0.050	0.050
1670065304	3.904	2.415	0.310	6.499	8.338	24.853	9.284	6.586	0.050	0.050	0.050	0.050	0.050
1670065305	4.081	2.344	0.310	6.073	7.220	23.900	10.256	7.554	0.050	0.050	0.050	0.050	0.050
1670065306	4.229	2.218	0.310	5.861	6.284	23.229	10.793	8.802	0.050	0.050	0.050	0.050	0.050
1670065307	4.334	2.048	0.310	5.859	5.566	22.866	10.693	10.266	0.050	0.050	0.050	0.050	0.050
1670065308	4.377	1.858	0.310	6.077	5.088	22.876	9.974	11.684	0.050	0.050	0.050	0.050	0.050
1670065309	4.376	1.606	0.310	6.547	4.659	22.956	8.688	13.263	0.050	0.050	0.050	0.050	0.050
1670065310	4.374	1.343	0.310	6.989	4.223	22.266	7.464	14.851	0.050	0.050	0.050	0.050	0.050
1670065311	4.354	1.136	0.310	7.387	3.924	21.424	6.525	15.805	0.050	0.050	0.050	0.050	0.050
1670065312	4.274	0.958	0.310	8.047	3.795	21.027	5.632	15.747	0.050	0.050	0.050	0.050	0.050
1670065313	4.142	0.812	0.310	9.013	3.802	21.007	4.848	14.785	0.050	0.050	0.050	0.050	0.050
1670065314	3.971	0.718	0.310	10.303	3.959	21.426	4.235	13.208	0.050	0.050	0.050	0.050	0.050
1670065315	3.778	0.682	0.310	11.894	4.267	22.232	3.784	11.443	0.050	0.050	0.050	0.050	0.050
1670065316	3.516	0.683	0.310	14.397	4.832	23.303	3.321	9.309	0.050	0.050	0.050	0.050	0.050
1670065317	3.249	0.684	0.310	17.374	5.433	23.564	2.906	7.562	0.050	0.050	0.050	0.050	0.050
1670065318	2.992	0.686	0.310	20.725	6.056	23.004	2.538	6.176	0.050	0.050	0.050	0.050	0.050
1670065319	2.725	0.688	0.310	24.542	6.700	21.678	2.213	5.040	0.050	0.050	0.050	0.050	0.050
1670065320	2.468	0.689	0.310	28.447	7.312	19.844	1.933	4.152	0.050	0.050	0.050	0.050	0.050
1670065321	2.202	0.688	0.310	32.451	7.890	17.577	1.673	3.404	0.050	0.050	0.050	0.050	0.050
1670065322	2.006	0.708	0.310	34.949	8.395	15.999	1.521	2.953	0.050	0.050	0.050	0.050	0.050
1670065323	1.831	0.791	0.310	36.243	9.230	14.945	1.428	2.602	0.050	0.050	0.050	0.050	0.050
1670065324	1.691	0.927	0.310	36.031	10.469	14.348	1.384	2.335	0.050	0.050	0.050	0.050	0.050
1670065325	1.602	1.100	0.310	34.383	12.088	14.190	1.387	2.159	0.050	0.050	0.050	0.050	0.050
1670065326	1.573	1.294	0.310	31.677	14.077	14.483	1.442	2.065	0.050	0.050	0.050	0.050	0.050
1670065327	1.573	1.556	0.310	27.604	17.120	14.929	1.541	1.979	0.050	0.050	0.050	0.050	0.050
1670065328	1.574	1.572	0.310	27.362	17.310	14.954	1.547	1.975	0.050	0.050	0.050	0.050	0.050
1670065329	1.574	1.574	0.310	27.355	17.310	14.957	1.546	1.976	0.050	0.050	0.050	0.050	0.050
1670065330	1.574	1.573	0.310	27.358	17.308	14.957	1.546	1.977	0.050	0.050	0.050	0.050	0.050
1670065331	1.574	1.573	0.310	27.359	17.307	14.957	1.546	1.976	0.050	0.050	0.050	0.050	0.050
1670065332	1.574	1.573	0.310	0.000	0.000	0.000	0.000	0.000	0.050	0.050	0.050	0.050	0.050
