0.00	2.5000	4.5000	0.0000	0.0000	0.0000	0.0000
0.10	2.7985	4.4753	-0.0100	0.0000	0.0000	-0.1501
0.20	3.0897	4.4063	-0.0200	0.0000	0.0000	-0.3002
0.30	3.3669	4.2946	-0.0300	0.0000	0.0000	-0.4502
0.40	3.6240	4.1429	-0.0400	0.0000	0.0000	-0.6003
0.50	3.8553	3.9546	-0.0500	0.0000	0.0000	-0.7504
0.60	4.0556	3.7341	-0.0600	0.0000	0.0000	-0.9005
0.70	4.2205	3.4863	-0.0700	0.0000	0.0000	-1.0506
0.80	4.3463	3.2170	-0.0800	0.0000	0.0000	-1.2007
0.90	4.4303	2.9321	-0.0900	0.0000	0.0000	-1.3507
1.00	4.4707	2.6382	-0.1000	0.0000	0.0000	-1.5008
1.10	4.4667	2.3418	-0.1100	0.0000	0.0000	-1.6509
1.20	4.4185	2.0496	-0.1200	0.0000	0.0000	-1.8010
1.30	4.3271	1.7683	-0.1300	0.0000	0.0000	-1.9511
1.40	4.1948	1.5040	-0.1400	0.0000	0.0000	-2.1012
1.50	4.0247	1.2627	-0.1500	0.0000	0.0000	-2.2512
1.60	3.8205	1.0497	-0.1600	0.0000	0.0000	-2.4013
1.70	3.5870	0.8699	-0.1700	0.0000	0.0000	-2.5514
1.80	3.3294	0.7272	-0.1800	0.0000	0.0000	-2.7015
1.90	3.0537	0.6247	-0.1900	0.0000	0.0000	-2.8516
2.00	2.7659	0.5646	-0.2000	0.0000	0.0000	-3.0017
2.10	2.4727	0.5483	-0.2100	0.0000	0.0000	-3.1517
2.20	2.1805	0.5761	-0.2200	0.0000	0.0000	-3.3018
2.30	1.8961	0.6471	-0.2300	0.0000	0.0000	-3.4519
2.40	1.6257	0.7599	-0.2400	0.0000	0.0000	-3.6020
2.50	1.3754	0.9117	-0.2500	0.0000	0.0000	-3.7521
2.60	1.1508	1.0991	-0.2600	0.0000	0.0000	-3.9022
2.70	0.9569	1.3178	-0.2700	0.0000	0.0000	-4.0522
2.80	0.7980	1.5629	-0.2800	0.0000	0.0000	-4.2023
2.90	0.6777	1.8288	-0.2900	0.0000	0.0000	-4.3524
3.00	0.5986	2.1095	-0.3000	0.0000	0.0000	-4.5025
3.10	0.5624	2.3986	-0.3100	0.0000	0.0000	-4.6526
3.20	0.5698	2.6898	-0.3200	0.0000	0.0000	-4.8027
3.30	0.6207	2.9763	-0.3300	0.0000	0.0000	-4.9527
3.40	0.7139	3.2518	-0.3400	0.0000	0.0000	-5.1028
3.50	0.8471	3.5101	-0.3500	0.0000	0.0000	-5.2529
3.60	1.0173	3.7454	-0.3600	0.0000	0.0000	-5.4030
3.70	1.2208	3.9525	-0.3700	0.0000	0.0000	-5.5531
3.80	1.4527	4.1267	-0.3800	0.0000	0.0000	-5.7032
3.90	1.7080	4.2641	-0.3900	0.0000	0.0000	-5.8532
4.00	1.9808	4.3618	-0.4000	0.0000	0.0000	-6.0033
4.10	2.2649	4.4175	-0.4100	0.0000	0.0000	-6.1534
4.20	2.5540	4.4300	-0.4200	0.0000	0.0000	-6.3035
4.30	2.8417	4.3992	-0.4300	0.0000	0.0000	-6.4536
4.40	3.1213	4.3258	-0.4400	0.0000	0.0000	-6.6037
4.50	3.3866	4.2113	-0.4500	0.0000	0.0000	-6.7537
4.60	3.6317	4.0586	-0.4600	0.0000	0.0000	-6.9038
4.70	3.8511	3.8710	-0.4700	0.0000	0.0000	-7.0539
4.80	4.0398	3.6528	-0.4800	0.0000	0.0000	-7.2040
4.90	4.1937	3.4089	-0.4900	0.0000	0.0000	-7.3541
5.00	4.3094	3.1448	-0.5000	0.0000	0.0000	-7.5042
5.10	4.3842	2.8666	-0.5100	0.0000	0.0000	-7.6542
5.20	4.4165	2.5804	-0.5200	0.0000	0.0000	-7.8043
5.30	4.4056	2.2927	-0.5300	0.0000	0.0000	-7.9544
5.40	4.3519	2.0100	-0.5400	0.0000	0.0000	-8.1045
5.50	4.2564	1.7386	-0.5500	0.0000	0.0000	-8.2546
5.60	4.1215	1.4846	-0.5600	0.0000	0.0000	-8.4047
5.70	3.9502	1.2538	-0.5700	0.0000	0.0000	-8.5547
5.80	3.7464	1.0512	-0.5800	0.0000	0.0000	-8.7048
5.90	3.5146	0.8815	-0.5900	0.0000	0.0000	-8.8549
6.00	3.2600	0.7484	-0.6000	0.0000	0.0000	-9.0050
6.10	2.9886	0.6549	-0.6100	0.0000	0.0000	-9.1551
6.20	2.7063	0.6031	-0.6200	0.0000	0.0000	-9.3052
6.30	2.4194	0.5942	-0.6300	0.0000	0.0000	-9.4552
6.40	2.1346	0.6282	-0.6400	0.0000	0.0000	-9.6053
6.50	1.8581	0.7045	-0.6500	0.0000	0.0000	-9.7554
6.60	1.5962	0.8212	-0.6600	0.0000	0.0000	-9.9055
6.70	1.3547	0.9758	-0.6700	0.0000	0.0000	-10.0556
6.80	1.1391	1.1647	-0.6800	0.0000	0.0000	-10.2057
6.90	0.9543	1.3837	-0.6900	0.0000	0.0000	-10.3557
7.00	0.8043	1.6279	-0.7000	0.0000	0.0000	-10.5058
7.10	0.6926	1.8917	-0.7100	0.0000	0.0000	-10.6559
7.20	0.6216	2.1692	-0.7200	0.0000	0.0000	-10.8060
7.30	0.5929	2.4542	-0.7300	0.0000	0.0000	-10.9561
7.40	0.6072	2.7402	-0.7400	0.0000	0.0000	-11.1062
7.50	0.6641	3.0209	-0.7500	0.0000	0.0000	-11.2562
7.60	0.7623	3.2898	-0.7600	0.0000	0.0000	-11.4063
7.70	0.8997	3.5411	-0.7700	0.0000	0.0000	-11.5564
7.80	1.0731	3.7689	-0.7800	0.0000	0.0000	-11.7065
7.90	1.2786	3.9682	-0.7900	0.0000	0.0000	-11.8566
8.00	1.5117	4.1345	-0.8000	0.0000	0.0000	-12.0067
8.10	1.7670	4.2641	-0.8100	0.0000	0.0000	-12.1567
8.20	2.0388	4.3540	-0.8200	0.0000	0.0000	-12.3068
8.30	2.3210	4.4023	-0.8300	0.0000	0.0000	-12.4569
8.40	2.6072	4.4077	-0.8400	0.0000	0.0000	-12.6070
8.50	2.8911	4.3703	-0.8500	0.0000	0.0000	-12.7571
8.60	3.1662	4.2909	-0.8600	0.0000	0.0000	-12.9072
8.70	3.4263	4.1711	-0.8700	0.0000	0.0000	-13.0572
8.80	3.6656	4.0138	-0.8800	0.0000	0.0000	-13.2073
8.90	3.8787	3.8225	-0.8900	0.0000	0.0000	-13.3574
9.00	4.0608	3.6013	-0.9000	0.0000	0.0000	-13.5075
9.10	4.2078	3.3554	-0.9100	0.0000	0.0000	-13.6576
9.20	4.3163	3.0903	-0.9200	0.0000	0.0000	-13.8077
9.30	4.3840	2.8118	-0.9300	0.0000	0.0000	-13.9577
9.40	4.4092	2.5263	-0.9400	0.0000	0.0000	-14.1078
9.50	4.3915	2.2402	-0.9500	0.0000	0.0000	-14.2579
9.60	4.3311	1.9599	-0.9600	0.0000	0.0000	-14.4080
9.70	4.2294	1.6917	-0.9700	0.0000	0.0000	-14.5581
9.80	4.0888	1.4417	-0.9800	0.0000	0.0000	-14.7082
9.90	3.9122	1.2156	-0.9900	0.0000	0.0000	-14.8582
10.00	3.7038	1.0183	-1.0000	0.0000	0.0000	-15.0083
10.10	3.4682	0.8543	-1.0100	0.0000	0.0000	-15.1584
10.20	3.2106	0.7275	-1.0200	0.0000	0.0000	-15.3085
10.30	2.9368	0.6406	-1.0300	0.0000	0.0000	-15.4586
10.40	2.6530	0.5956	-1.0400	0.0000	0.0000	-15.6087
10.50	2.3656	0.5935	-1.0500	0.0000	0.0000	-15.7587
10.60	2.0811	0.6345	-1.0600	0.0000	0.0000	-15.9088
10.70	1.8057	0.7177	-1.0700	0.0000	0.0000	-16.0589
10.80	1.5459	0.8411	-1.0800	0.0000	0.0000	-16.2090
10.90	1.3073	1.0021	-1.0900	0.0000	0.0000	-16.3591
11.00	1.0954	1.1971	-1.1000	0.0000	0.0000	-16.5092
11.10	0.9150	1.4216	-1.1100	0.0000	0.0000	-16.6592
11.20	0.7702	1.6707	-1.1200	0.0000	0.0000	-16.8093
11.30	0.6642	1.9388	-1.1300	0.0000	0.0000	-16.9594
11.40	0.5994	2.2198	-1.1400	0.0000	0.0000	-17.1095
11.50	0.5775	2.5075	-1.1500	0.0000	0.0000	-17.2596
11.60	0.5988	2.7954	-1.1600	0.0000	0.0000	-17.4097
11.70	0.6630	3.0770	-1.1700	0.0000	0.0000	-17.5597
11.80	0.7687	3.3459	-1.1800	0.0000	0.0000	-17.7098
11.90	0.9135	3.5962	-1.1900	0.0000	0.0000	-17.8599
12.00	1.0942	3.8220	-1.2000	0.0000	0.0000	-18.0100
12.10	1.3067	4.0184	-1.2100	0.0000	0.0000	-18.1601
12.20	1.5464	4.1809	-1.2200	0.0000	0.0000	-18.3102
12.30	1.8078	4.3058	-1.2300	0.0000	0.0000	-18.4602
12.40	2.0851	4.3902	-1.2400	0.0000	0.0000	-18.6103
12.50	2.3721	4.4322	-1.2500	0.0000	0.0000	-18.7604
12.60	2.6623	4.4307	-1.2600	0.0000	0.0000	-18.9105
12.70	2.9492	4.3859	-1.2700	0.0000	0.0000	-19.0606
12.80	3.2264	4.2986	-1.2800	0.0000	0.0000	-19.2107
12.90	3.4875	4.1707	-1.2900	0.0000	0.0000	-19.3607
13.00	3.7267	4.0050	-1.3000	0.0000	0.0000	-19.5108
13.10	3.9386	3.8054	-1.3100	0.0000	0.0000	-19.6609
13.20	4.1183	3.5761	-1.3200	0.0000	0.0000	-19.8110
13.30	4.2619	3.3223	-1.3300	0.0000	0.0000	-19.9611
13.40	4.3659	3.0498	-1.3400	0.0000	0.0000	-20.1112
13.50	4.4280	2.7645	-1.3500	0.0000	0.0000	-20.2612
13.60	4.4467	2.4730	-1.3600	0.0000	0.0000	-20.4113
13.70	4.4216	2.1817	-1.3700	0.0000	0.0000	-20.5614
13.80	4.3532	1.8972	-1.3800	0.0000	0.0000	-20.7115
13.90	4.2429	1.6260	-1.3900	0.0000	0.0000	-20.8616
14.00	4.0931	1.3741	-1.4000	0.0000	0.0000	-21.0117
14.10	3.9072	1.1473	-1.4100	0.0000	0.0000	-21.1617
14.20	3.6893	0.9507	-1.4200	0.0000	0.0000	-21.3118
14.30	3.4442	0.7888	-1.4300	0.0000	0.0000	-21.4619
14.40	3.1775	0.6653	-1.4400	0.0000	0.0000	-21.6120
14.50	2.8950	0.5830	-1.4500	0.0000	0.0000	-21.7621
14.60	2.6032	0.5438	-1.4600	0.0000	0.0000	-21.9122
14.70	2.3085	0.5488	-1.4700	0.0000	0.0000	-22.0622
14.80	2.0177	0.5978	-1.4800	0.0000	0.0000	-22.2123
14.90	1.7372	0.6898	-1.4900	0.0000	0.0000	-22.3624
15.00	1.4734	0.8229	-1.5000	0.0000	0.0000	-22.5125
15.10	1.2322	0.9942	-1.5100	0.0000	0.0000	-22.6626
15.20	1.0192	1.1997	-1.5200	0.0000	0.0000	-22.8127
15.30	0.8392	1.4350	-1.5300	0.0000	0.0000	-22.9627
15.40	0.6963	1.6949	-1.5400	0.0000	0.0000	-23.1128
15.50	0.5937	1.9735	-1.5500	0.0000	0.0000	-23.2629
15.60	0.5340	2.2645	-1.5600	0.0000	0.0000	-23.4130
15.70	0.5184	2.5615	-1.5700	0.0000	0.0000	-23.5631
15.80	0.5474	2.8578	-1.5800	0.0000	0.0000	-23.7132
15.90	0.6206	3.1467	-1.5900	0.0000	0.0000	-23.8632
16.00	0.7362	3.4217	-1.6000	0.0000	0.0000	-24.0133
16.10	0.8918	3.6765	-1.6100	0.0000	0.0000	-24.1634
16.20	1.0840	3.9055	-1.6200	0.0000	0.0000	-24.3135
16.30	1.3085	4.1033	-1.6300	0.0000	0.0000	-24.4636
16.40	1.5604	4.2654	-1.6400	0.0000	0.0000	-24.6137
16.50	1.8339	4.3882	-1.6500	0.0000	0.0000	-24.7637
16.60	2.1231	4.4688	-1.6600	0.0000	0.0000	-24.9138
16.70	2.4213	4.5053	-1.6700	0.0000	0.0000	-25.0639
16.80	2.7220	4.4967	-1.6800	0.0000	0.0000	-25.2140
16.90	3.0184	4.4432	-1.6900	0.0000	0.0000	-25.3641
17.00	3.3037	4.3458	-1.7000	0.0000	0.0000	-25.5142
17.10	3.5716	4.2067	-1.7100	0.0000	0.0000	-25.6642
17.20	3.8159	4.0289	-1.7200	0.0000	0.0000	-25.8143
17.30	4.0311	3.8163	-1.7300	0.0000	0.0000	-25.9644
17.40	4.2123	3.5736	-1.7400	0.0000	0.0000	-26.1145
17.50	4.3553	3.3062	-1.7500	0.0000	0.0000	-26.2646
17.60	4.4569	3.0201	-1.7600	0.0000	0.0000	-26.4147
17.70	4.5145	2.7217	-1.7700	0.0000	0.0000	-26.5647
17.80	4.5269	2.4177	-1.7800	0.0000	0.0000	-26.7148
17.90	4.4936	2.1148	-1.7900	0.0000	0.0000	-26.8649
18.00	4.4153	1.8200	-1.8000	0.0000	0.0000	-27.0150
18.10	4.2937	1.5399	-1.8100	0.0000	0.0000	-27.1651
18.20	4.1313	1.2808	-1.8200	0.0000	0.0000	-27.3152
18.30	3.9317	1.0486	-1.8300	0.0000	0.0000	-27.4652
18.40	3.6994	0.8486	-1.8400	0.0000	0.0000	-27.6153
18.50	3.4394	0.6855	-1.8500	0.0000	0.0000	-27.7654
18.60	3.1576	0.5629	-1.8600	0.0000	0.0000	-27.9155
18.70	2.8602	0.4837	-1.8700	0.0000	0.0000	-28.0656
18.80	2.5539	0.4499	-1.8800	0.0000	0.0000	-28.2157
18.90	2.2456	0.4622	-1.8900	0.0000	0.0000	-28.3657
19.00	1.9423	0.5207	-1.9000	0.0000	0.0000	-28.5158
19.10	1.6507	0.6240	-1.9100	0.0000	0.0000	-28.6659
19.20	1.3774	0.7699	-1.9200	0.0000	0.0000	-28.8160
19.30	1.1288	0.9553	-1.9300	0.0000	0.0000	-28.9661
19.40	0.9104	1.1761	-1.9400	0.0000	0.0000	-29.1162
19.50	0.7272	1.4275	-1.9500	0.0000	0.0000	-29.2662
19.60	0.5835	1.7038	-1.9600	0.0000	0.0000	-29.4163
19.70	0.4825	1.9989	-1.9700	0.0000	0.0000	-29.5664
19.80	0.4268	2.3062	-1.9800	0.0000	0.0000	-29.7165
19.90	0.4177	2.6188	-1.9900	0.0000	0.0000	-29.8666
20.00	0.4555	2.9297	-2.0000	0.0000	0.0000	-30.0167
